1 9604
1 4087 
1 3227 
1 6091 
1 1289 
1 9895 
1 5255 
1 2436 
1 7796 
2 7690 7414 
1 6148 
1 5453 
1 9307 
2 722 4329 
1 2451 
1 694 
1 6627 
1 7364 
1 2107 
1 6575 
1 7649 
1 4644 
1 9600 
1 3399 
1 5107 
1 9346 
1 7527 
2 9784 3767 
1 6906 
1 7368 
2 8694 6422 
2 973 2103 
1 7264 
2 4901 8311 
2 2254 2423 
1 3082 
1 63 
1 2388 
1 1199 
1 1445 
1 9138 
1 3595 
1 960 
1 6787 
1 6207 
1 6479 
1 5885 
1 5193 
1 4361 
1 6172 
2 3143 4131 
2 8670 592 
1 969 
2 819 6491 
1 4347 
1 4964 
2 470 9577 
2 2497 2084 
1 2894 
2 3952 6576 
1 7234 
1 7207 
1 519 
1 2288 
1 6246 
1 6090 
1 7326 
1 9212 
1 6202 
1 6216 
2 7887 647 
1 6588 
2 5987 1766 
1 3116 
2 7534 7456 
2 5065 3232 
1 9932 
1 1648 
2 7577 5921 
1 8799 
1 7820 
1 5738 
2 7502 6632 
1 7010 
2 4539 2507 
2 7774 5517 
2 7917 531 
2 4659 2338 
2 9770 6614 
1 5666 
1 9418 
1 4576 
1 3810 
1 4188 
2 8392 2518 
1 4171 
1 6014 
1 6405 
2 1596 9478 
2 1635 4331 
1 3708 
1 9741 
1 1154 
1 582 
1 3818 
2 1793 1921 
2 411 5211 
1 2149 
1 7417 
2 8385 6051 
1 7688 
2 2994 7162 
2 4821 8636 
2 1911 2980 
1 697 
3 98 5723 8618 
2 8194 85 
2 6511 4916 
1 1637 
1 7492 
2 5638 6065 
2 4915 9481 
2 1363 5823 
2 7652 3048 
1 6301 
2 7911 419 
1 4678 
2 3531 4275 
2 5269 3748 
2 75 7722 
2 8395 9958 
1 6804 
3 6441 3517 849 
2 7756 4300 
2 5486 8909 
2 3006 2681 
3 1651 2678 7134 
1 8465 
2 1778 9700 
2 6413 8629 
2 9204 8314 
3 9799 9154 5208 
2 3634 9914 
2 7341 9982 
2 4184 7540 
2 9941 2367 
3 5320 2659 2480 
1 5674 
2 6835 6055 
2 3107 1508 
2 1298 4712 
2 5392 2494 
1 7021 
3 7272 2611 7049 
2 124 7775 
2 233 447 
2 1177 3642 
2 7936 5707 
2 1868 9969 
3 8114 3386 900 
2 9802 7215 
2 4978 1773 
3 1993 8009 5033 
3 7908 8696 7559 
2 6164 3021 
3 2791 2582 6596 
2 7063 7460 
3 7641 5690 1864 
3 3071 1627 4789 
2 9404 9837 
2 9192 7260 
2 6730 4871 
2 9255 5044 
1 2217 
2 5644 9510 
1 511 
2 9558 6625 
3 9556 9527 2587 
2 9343 3876 
3 1990 7348 4977 
2 711 6279 
1 7899 
2 4747 8096 
2 496 2623 
4 8964 2504 2630 7907 
3 3375 3570 6656 
4 7747 3504 2661 7947 
2 4625 202 
1 5561 
2 1397 6121 
2 2155 7886 
2 5273 537 
2 9163 3436 
4 3808 7187 1235 5007 
2 4690 283 
2 212 8805 
3 6942 2406 6537 
3 277 1185 8753 
3 8265 2783 2719 
2 9827 5473 
2 9354 3870 
2 9768 6598 
3 4418 6017 8351 
3 8715 6135 6088 
2 8816 4063 
4 224 1099 8898 4875 
3 2952 4014 977 
5 4419 3529 2267 8479 9607 
4 6647 7471 3554 6480 
5 3080 1791 2157 9431 5836 
5 4364 4111 9882 1690 7165 
2 6546 6806 
2 5988 3188 
2 6843 8887 
2 6173 2634 
3 6898 6587 6142 
2 2936 2565 
3 2879 5240 3555 
2 7555 4605 
3 9724 6663 3159 
5 4097 7996 2007 7270 7655 
4 341 6179 7718 5227 
3 2956 9643 3422 
3 9109 5991 1367 
4 3913 5681 2134 4635 
4 5410 655 6732 1738 
2 1212 7315 
3 3444 2296 6133 
2 4235 4594 
3 6830 2528 4771 
4 8631 3829 1954 1551 
2 9838 5470 
3 503 8683 7568 
3 2810 5562 1315 
4 126 7854 2804 7399 
4 3285 5204 5877 8167 
2 8470 869 
3 4037 9782 5851 
2 9860 5365 
3 2016 3530 6038 
3 3857 8932 6865 
3 5284 4767 362 
3 6061 2386 9015 
3 6952 946 5897 
3 1665 3334 9873 
2 8180 2809 
3 9410 8307 7178 
4 9555 7153 8240 9296 
4 2561 4526 3038 4685 
3 1946 265 1503 
3 9918 3540 5418 
2 9403 7533 
4 2901 8768 518 1653 
4 5953 8879 6390 2585 
3 6680 9841 2968 
3 9544 5930 7654 
4 7978 7805 6264 7608 
4 9847 3918 7850 5779 
3 5178 4923 3059 
5 4256 9995 4965 764 5042 
3 845 2530 2668 
5 6561 1399 4135 8819 8583 
4 2249 4956 9349 5717 
5 1851 1268 8412 2456 7841 
6 825 3305 8268 1001 696 6149 
5 1522 4714 561 4540 1345 
3 7422 4963 8216 
5 3106 3472 4339 9330 6969 
4 6955 8360 824 9100 
3 4585 5551 6235 
4 9697 1559 7294 4345 
4 4708 1136 3957 5513 
3 7194 4832 1484 
5 2957 3872 6498 4897 1350 
4 3901 6810 7806 2099 
3 8443 2215 6189 
3 8945 4254 6650 
3 8387 1106 1875 
4 3580 6542 6524 6269 
4 2786 7697 7934 836 
6 3403 2620 9968 8619 4354 8774 
3 966 4707 4940 
4 4962 6974 5216 6564 
6 2493 2213 4866 8539 7474 1928 
3 7537 7362 9188 
3 7066 5050 3062 
6 870 6639 8132 3956 5915 6842 
5 6240 2781 4791 1184 3008 
4 3769 6626 3366 7921 
4 6960 5361 8514 7123 
3 2431 936 3868 
4 9018 8402 6217 3202 
5 7839 7885 120 3218 8298 
4 8548 5021 5029 8978 
6 3826 2829 1313 1323 7174 7424 
3 7593 7322 3633 
4 5635 6157 4268 7926 
6 3381 5257 9829 950 6094 9152 
4 9786 7966 1697 7772 
4 5002 5481 371 2850 
3 1533 6947 8092 
4 6737 282 2481 4586 
5 1739 9731 1916 1327 7903 
3 4881 2556 9645 
6 2969 1211 5489 7004 6332 4422 
5 119 1150 5621 7965 8187 
5 4556 8290 6722 9094 6435 
4 4775 1678 1473 6633 
4 4502 4516 6404 2075 
6 1027 2594 5736 5374 9580 3589 
4 8771 9650 1727 788 
6 8151 2670 2371 8374 8928 5845 
3 2925 2467 9388 
6 9866 3404 1672 8574 2814 8585 
8 5789 7371 3931 7729 937 3719 9573 3467 
4 1991 3468 8270 2059 
5 8062 1270 5507 1079 8353 
6 7470 2532 2400 7764 9971 7631 
5 2349 4461 7852 8070 145 
5 5591 5317 9869 3030 4257 
4 7997 2444 2516 4890 
7 5698 8589 8891 2031 1891 6821 6883 
6 6371 287 8105 1255 9767 3226 
7 6496 9161 1540 6776 5780 3985 368 
5 8744 1607 3958 9916 6881 
6 6442 2985 4674 2119 3840 3083 
6 4512 3161 8236 6029 7435 2915 
7 3474 1638 1550 3138 8986 6161 2143 
6 5970 6762 7029 4827 8501 7938 
6 3279 4548 2789 5372 9003 3072 
5 953 1615 24 2123 1295 
7 5712 8784 7843 1105 4683 7801 7789 
5 2807 2881 9164 5609 2616 
6 578 3349 7008 5859 8918 8792 
7 2291 6320 9293 467 8011 5844 8916 
6 9358 9113 4600 2189 4552 321 
6 8037 3652 6303 2544 7261 3962 
8 5928 2999 8487 1655 4592 1022 8484 769 
8 8743 4353 556 7726 5667 1464 9987 3664 
8 3074 9444 2441 5918 3697 3522 5471 9904 
6 8317 8640 4237 8024 7804 4518 
7 5280 7900 2357 166 9687 2268 3979 
5 6271 3816 2487 451 5092 
6 2380 4913 4698 5543 4735 4590 
9 7817 3970 2345 1446 8272 7089 8305 3168 6397 
5 4643 2273 951 2306 9463 
8 7861 2041 6028 501 7951 575 4224 9398 
7 5618 8893 9080 5161 7214 5926 8582 
6 7837 2895 3328 9586 3308 5678 
5 8941 7002 6823 3421 4352