1 175
1 130
1 183
1 132
1 165
1 149
1 2
1 274
2 278 169
2 173 211
1 52
1 151
2 77 247
2 9 153
1 257
2 84 123
2 189 49
2 208 194
2 69 178
1 94
2 293 240
2 272 135
4 233 37 186 270
4 1 46 143 229
3 206 256 231
3 97 279 30
3 251 262 228
5 215 120 252 126 47
5 288 100 66 154 17
5 176 297 43 192 142
3 71 59 67
4 182 280 145 104
6 152 115 55 250 266 78
4 12 51 289 141
4 106 242 196 265
6 155 238 292 35 255 31
8 264 45 248 199 20 139 219 124
5 223 98 291 205 181
6 112 5 201 16 118 81
7 93 138 287 119 131 235 70
9 283 83 25 90 76 140 6 190 147
9 101 42 269 48 109 237 114 177 61
9 10 195 22 73 23 163 170 160 3
13 209 197 117 27 298 253 86 236 26 268 158 243 258
11 191 207 111 82 14 68 11 122 157 295 254
10 89 50 64 222 121 202 146 239 271 185
14 172 217 204 40 128 284 281 28 29 102 230 277 39 32
14 244 241 214 174 224 113 91 53 96 188 21 166 232 129
13 282 44 226 79 198 60 19 156 245 200 125 267 261
16 57 263 171 105 63 38 107 273 56 187 18 74 144 193 218 290
12 213 225 227 15 150 285 95 58 136 137 92 13
20 161 127 24 62 220 210 133 276 299 203 286 246 294 148 7 259 159 134 162 4
18 260 75 72 8 103 80 110 99 164 108 88 249 296 184 85 87 41 34
15 275 212 168 54 167 65 180 216 36 234 33 221 179 116 0
0
0
0
0
0
0
0
0
0
0
0
0
0
0
0
0
0
0
0
0
0
0
0
0
0
0
0
0
0
0
0
0
0
0
0
0
0
0
0
0
0
0
0
0
0
0